000000000000000 0000
010100000001000 0011
101000000010000 0011
000100000101010 0100
000101001100000 0100
001000100001010 0100
010110010000000 0100
101000000011000 0100
101000011000000 0100
101000100010000 0100
000010101000110 0101
000011100000011 0101
000100101001001 0101
001001000101010 0101
001101010001000 0101
001110000010001 0101
001110000100010 0101
010000110000101 0101
010001010100001 0101
010010101001000 0101
010100100010100 0101
011000001000110 0101
011011000010000 0101
100010010100001 0101
110001000010100 0101
110100100000010 0101
000011000101110 0110
000011101010100 0110
000100110001101 0110
001000001011011 0110
001010010111000 0110
001010100001101 0110
001010100011001 0110
001100000101101 0110
001100100001101 0110
001101100001001 0110
001111000000101 0110
010000101110010 0110
010001101100001 0110
010100100011100 0110
011011000010010 0110
011100101000100 0110
100000111000110 0110
110010100100010 0110
111010000001010 0110
000100011010111 0111
000101001111100 0111
000110001110011 0111
001001100001111 0111
001011101100100 0111
001011111000001 0111
001011111100000 0111
001101000111010 0111
001101100011010 0111
001110011100001 0111
001111010110000 0111
010001000111101 0111
010010001110101 0111
010100101011010 0111
011001010011010 0111
011010001010011 0111
011100000111100 0111
101001100101100 0111
101100101000101 0111
101111000110000 0111
110000110100101 0111
110101000001110 0111
111100010010010 0111
000110110110101 1000
000111100110011 1000
001001011110110 1000
001101010011011 1000
001111011110000 1000
001111100110010 1000
001111101000110 1000
010001111010110 1000
010010110011011 1000
010011101011100 1000
010100111000111 1000
010101110100110 1000
010110111001010 1000
011001110001110 1000
011110001001011 1000
011110110101000 1000
100001111101001 1000
101110011001001 1000
110001110101100 1000
110011100001011 1000
110100100111010 1000
111000110010101 1000
111101110010000 1000
001011101110011 1001
001101011001111 1001
001110110010111 1001
010101011011101 1001
011000110111110 1001
011001001101111 1001
011001010011111 1001
011010110111100 1001
011011011011010 1001
011100100111011 1001
011101100010111 1001
011110011110100 1001
011111011100010 1001
100101110100111 1001
101011110110010 1001
101101000011111 1001
101110101011010 1001
111100010011101 1001
111110110011000 1001
010100111011111 1010
010111010111110 1010
011010011110111 1010
011111100010111 1010
101001001111111 1010
101001110111011 1010
101001111011011 1010
101100011111110 1010
101101101011011 1010
101110111001011 1010
101111110000111 1010
110011010011111 1010
110101011111001 1010
111001010111011 1010
111110100011011 1010
111111001111000 1010
011111111000111 1011
101001111011111 1011
101110111011110 1011
111010110110111 1011
111110111100101 1011
111111001011101 1011
111111001101110 1011
111110101011111 1100
111111110111100 1100
111111111111111 1111
